-0.686256 -100.08 -1.81191 100.0 1
0.987412 0.0283547 -0.963985 0.0429022 0
-1.1363 0.206818 -6.17921 0.323909 9
0.890186 0.0179418 -0.930996 0.0397781 3
-0.0793318 0.0457976 -2.46617 0.0828576 0
0.154681 0.0337827 -2.03351 0.0699701 2
-0.766186 0.0352998 -1.44433 0.0604506 1
0.592601 0.0775157 -4.76869 0.167579 7
1.3 0.0649785 -3.29539 0.141896 10
-0.0773154 0.0140946 -1.23147 0.0481641 6
0.288454 0.0424375 -1.61232 0.0694328 1
0.166543 0.120934 -4.28347 0.188781 1
0.864829 0.0528267 -3.69303 0.137457 11
0.783603 0.0203295 -1.66843 0.0730271 11
0.322166 0.0776805 -1.14885 0.0993865 1
-0.206984 0.0441114 -0.5 0.0541983 1
-0.449192 0.0159503 -1.67266 0.0651828 9
0.242143 0.00649726 -1.57635 0.0562158 10
0.419054 0.055237 -2.82452 0.123893 10
-0.427648 0.0271706 -1.00576 0.0430055 0
-0.652707 0.031097 -1.48523 0.0758198 8
-0.262974 0.0534871 -0.57647 0.073371 4
-0.267612 0.0721594 -1.00389 0.0923052 2
1.07202 0.0432194 -2.94925 0.0981183 4
1.04009 0.0209824 -1.40947 0.0622949 8
-0.601498 0.0197299 -1.87312 0.076102 11
0.819279 0.0100179 -0.841149 0.0406427 7
-0.48604 0.011991 -0.773465 0.035325 4
0.00379217 0.0697608 -0.660563 0.105321 10
-0.824646 0.036859 -1.15815 0.055808 0
0.907546 -0.00562408 -0.729712 0.035109 11
-0.221878 0.0297154 -2.1062 0.0829775 8
-1.01451 0.0190439 -1.8316 0.0750231 11
1.0256 0.116611 -9.90006 0.293019 11
0.53184 0.0225984 -1.76618 0.0662545 6
-0.466668 0.0106779 -1.89961 0.0690294 11
0.551842 0.0385075 -1.7924 0.0719149 2
1.3 0.0663288 -4.94116 0.168592 11
0.371282 0.110106 -4.73952 0.191335 4
-0.440624 0.00972498 -1.92173 0.0683951 11
0.170858 0.0273245 -1.26895 0.0547941 3
0.0904675 0.0826268 -0.577311 0.0976719 2
0.0336648 0.177537 -1.39403 0.222341 9
-0.0108404 0.0288117 -2.03676 0.0696569 4
0.26333 0.034582 -3.24075 0.100668 6
-0.875698 0.0230213 -1.39495 0.0698171 10
0.319384 0.176368 -3.75421 0.257104 9
-0.30557 0.0255032 -1.26489 0.0494164 1
-0.192979 0.0356971 -0.758198 0.0665526 7
-0.40569 0.0726137 -1.11144 0.101035 4